best model found at epoch NO.18
training:
loss: 0.27414342761039734
c_index: 0.16666666666666666
RMSE: 0.5235870480537415
MAE: 0.4028540253639221
SD: 0.39854831383398
CORR: -0.5086677718197432

validation:
loss: 0.27414342761039734
c_index: 0.16666666666666666
RMSE: 0.5235870480537415
MAE: 0.4028540253639221
SD: 0.39854833519889044
CORR: -0.5086677718197432

test:
loss: 0.27414342761039734
c_index: 0.16666666666666666
RMSE: 0.5235870480537415
MAE: 0.4028540253639221
SD: 0.3985485274830327
CORR: -0.5086677718197432

